1
1
1
1
2
1
2
2
1
2
2
2
3
3
3
4
2
2
2
5
2
2
5
2
6
7
7
7
7
7
8
7
9
8
8
8
8
10
8
11
10
8
8
8
8
12
13
14
14
8
14
14
14
15
16
15
14
14
14
8
14
14
14
14
14
14
14
14
14
14
14
14
14
14
14
14
14
14
14
14
14
14
14
14
14
14
14
14
14
14
14
14
14
14
17
18
14
14
14
14
18
18
14
14
18
18
18
18
18
14
14
14
14
14
18
19
18
18
18
19
19
14
18
19
14
19
19
18
20
14
14
14
21
14
14
22
14
14
14
14
14
14
23
14
23
14
14
14
14
14
14
14
24
14
14
25
14
14
14
26
14
26
14
14
14
14
14
14
14
14
14
14
14
14
14
14
14
14
14
14
14
14
27
14
28
28
27
28
27
28
27
28
27
28
28
27
28
28
28
28
28
27
27
27
27
28
28
28
28
27
28
28
28
27
28
28
28
28
27
28
27
29
30
31
31
29
30
29
29
29
29
32
29
30
30
30
30
33
30
33
33
33
33
33
34
33
30
34
33
33
33
34
33
33
34
33
30
34
33
34
35
33
35
30
30
35
35
34
33
33
30
35
35
30
35
35
35
34
30
33
35
35
35
33
33
33
34
33
35
34
34
34
36
33
33
35
33
33
33
33
35
34
33
37
33
37
34
37
37
37
33
37
37
37
37
37
34
37
37
37
37
37
37
37
37
37
37
37
37
38
37
37
39
37
37
37
39
37
40
37
37
37
39
39
41
39
37
37
40
41
39
40
37
37
37
37
39
37
37
39
39
42
42
41
37
37
39
37
41
42
41
37
41
37
37
43
37
41
43
43
37
41
41
41
43
44
41
44
41
44
41
45
44
37
41
41
44
46
41
46
43
41
41
37
43
44
44
46
37
44
44
44
37
44
37
44
41
37
44
44
44
44
41
37
41
47
37
44
37
44
44
47
47
37
47
37
47
48
37
47
47
47
37
48
37
47
49
47
47
49
37
49
49
49
50
49
37
47
47
49
37
47
49
49
47
51
49
52
52
53
47
47
47
49
54
54
54
55
47
55
47
55
56
47
47
56
47
57
47
47
58
58
47
47
57
47
47
58
58
47
47
58
47
58
58
58
58
47
59
47
47
59
59
58
59
58
58
47
58
59
58
58
58
58
47
47
58
47
60
61
47
58
62
62
62
47
62
58
58
58
62
58
63
58
63
63
63
63
58
62
63
58
58
58
58
58
58
64
65
58
66
66
66
66
58
64
58
58
58
66
64
66
66
66
66
67
67
68
67
67
69
66
70
69
67
69
67
67
66
70
69
67
67
66
70
69
70
69
67
69
67
69
69
70
69
67
71
69
69
67
72
72
69
72
72
72
72
72
72
69
72
67
69
69
73
72
67
67
74
67
72
72
72
72
72
67
67
72
72
72
72
72
75
75
76
75
75
75
75
76
75
77
75
75
75
75
75
78
75
78
78
75
79
75
75
80
75
75
75
75
75
75
75
81
75
75
81
75
75
82
82
82
75
75
75
75
81
75
82
75
82
75
82
75
75
82
82
82
82
82
75
75
75
75
75
75
